Time 1 2 3 4 5 6 7 9 10 11 12 13 14 15 
1 20 20 20 20 20 20 20 20 20 20 20 20 20 20 
2 20 20 20 20 20 20 20 20 20 20 20 20 20 20 
3 20 20 20 20 20 20 20 20 20 20 20 20 20 20 
4 20 20 20 20 20 20 20 20 20 20 20 20 20 20 
5 20 20 20 20 20 20 20 20 20 20 20 20 20 20 
6 20 20 20 20 20 20 20 20 20 20 20 20 20 20 
7 20 20 20 20 20 20 20 20 20 20 20 20 20 20 
8 20 20 20 20 20 20 20 20 20 20 20 20 20 20 
9 20 20 20 20 20 20 20 20 20 20 20 20 20 20 
10 20 20 20 20 20 20 20 20 20 20 20 20 20 20 
11 20 20 20 20 20 20 20 20 20 20 20 20 20 20 
12 20 20 20 20 20 20 20 20 20 20 20 20 20 20 
13 20 20 20 20 20 20 20 20 20 20 20 20 20 20 
